-0.00510391  -0.00498064  0.00158168  0.158304  0.0027881  -0.371867  
-0.00466885  -0.00436818  0.00175636  0.138827  -0.0601919  -0.360068  
-0.00484687  -0.00433792  0.00125929  0.138639  0.0877256  -0.343884  
-0.00509275  -0.00370765  0.00138829  0.122025  -0.010067  -0.34377  
-0.00532208  -0.00377892  0.00136877  0.123766  -0.00211543  -0.309442  
-0.005353  -0.00366644  0.00116439  0.126673  0.0585131  -0.328886  
-0.00546989  -0.00344301  0.00142956  0.117779  -0.0504011  -0.327446  
-0.00595822  -0.00374106  0.00121014  0.125485  0.0911266  -0.326002  
-0.00513014  -0.00326177  0.0011581  0.117118  -0.0486834  -0.321784  
-0.00562586  -0.00331669  0.00130281  0.115807  0.0564221  -0.271092  
-0.00569014  -0.00327374  0.00129193  0.110107  0.0047416  -0.301151  
-0.00527402  -0.00324918  0.00133382  0.106154  -0.0263029  -0.284768  
-0.00534586  -0.00333253  0.00119284  0.113103  0.0624943  -0.285404  
-0.00478625  -0.00315154  0.00145111  0.108026  -0.0634011  -0.289749  
-0.00537552  -0.00331338  0.00126037  0.114121  0.10291  -0.272678  
-0.00443689  -0.00299215  0.00142327  0.101886  -0.0447411  -0.289279  
-0.00472675  -0.00294265  0.00105572  0.0985248  0.0798631  -0.272613  
-0.00458122  -0.00294068  0.00102452  0.097388  0.0205656  -0.286875  
-0.0041563  -0.00277221  0.0010954  0.0946219  0.0285017  -0.267704  
-0.00416498  -0.00292659  0.000979789  0.097781  0.071584  -0.272611  
-0.00423992  -0.00277221  0.00130268  0.0919942  -0.0177815  -0.256846  
-0.00441851  -0.00296705  0.00103187  0.0972914  0.0939091  -0.248733  
-0.00426397  -0.00285344  0.0013106  0.0929706  -0.0278939  -0.251697  
-0.00432249  -0.00288383  0.00107449  0.0983985  0.100587  -0.234684  
-0.004186  -0.00275195  0.0013965  0.093208  -0.0406272  -0.253105  
-0.00440819  -0.00287375  0.00107945  0.0948429  0.0981411  -0.218317  
-0.0036713  -0.00294288  0.00126492  0.0940074  -0.000944828  -0.228617  
-0.00355168  -0.00302027  0.00130926  0.0940546  0.0254081  -0.215224  
-0.00334011  -0.00294602  0.00119936  0.0950612  0.0781026  -0.205956  
-0.00303564  -0.00297307  0.00130637  0.089644  -0.00844893  -0.211229  
-0.00322708  -0.00289929  0.00118606  0.0989192  0.105616  -0.189964  
-0.0027847  -0.00291257  0.00134934  0.090803  -0.0149995  -0.214655  
-0.0031306  -0.00309354  0.00131638  0.0943614  0.0844623  -0.192575  
-0.00262156  -0.00297307  0.0013483  0.0916436  -0.0045802  -0.214946  
-0.00244061  -0.0028527  0.00130663  0.084665  0.0440824  -0.196303  
-0.00279548  -0.00297307  0.0013145  0.0972826  0.0774435  -0.208938  
-0.00194183  -0.00322307  0.00144769  0.0936394  -0.0154112  -0.216225  
-0.00276424  -0.00297307  0.00120422  0.0939468  0.100801  -0.188902  
-0.00235257  -0.00278621  0.0013917  0.0891575  -0.00426034  -0.191798  
-0.0025467  -0.00297307  0.00110184  0.0923502  0.0796939  -0.184335  
-0.00247834  -0.00297307  0.0013436  0.0920375  0.0150095  -0.192986  
-0.00269607  -0.00297307  0.00107404  0.0950055  0.0693054  -0.192979  
-0.00235257  -0.00297307  0.00118284  0.0893947  0.0345938  -0.192975  
-0.00197822  -0.00297307  0.00117036  0.0865035  0.0151212  -0.163508  
-0.00247671  -0.00276301  0.00112965  0.0888746  0.100255  -0.180196  
-0.00184813  -0.00276624  0.00139746  0.0842122  -0.0190049  -0.163512  
-0.00233258  -0.00297307  0.00123861  0.0899705  0.0893154  -0.163571  
-0.00208336  -0.00297307  0.00131156  0.0845443  -0.0100527  -0.169707  
-0.00225227  -0.0028531  0.00115801  0.0842103  0.068444  -0.163556  
-0.0020106  -0.00275349  0.00104607  0.0876204  0.04626  -0.167168  
-0.00211883  -0.00297308  0.00127029  0.0886993  -0.00191251  -0.152849  
-0.00250089  -0.00297308  0.00117214  0.0953294  0.0863907  -0.176253  
-0.00171054  -0.00297308  0.00127903  0.0915568  -0.00626911  -0.183426  
-0.00233258  -0.00304588  0.0012426  0.0971154  0.0786701  -0.186406  
-0.00199983  -0.00322308  0.00133076  0.0945217  -0.00342621  -0.189395  
-0.00201173  -0.00304694  0.00119459  0.0995117  0.0780241  -0.181086  
-0.00174983  -0.00322308  0.00120805  0.0951921  0.0145989  -0.196478  
-0.00165583  -0.00306385  0.0011759  0.0990937  0.0384447  -0.165307  
-0.00174983  -0.00333394  0.00120717  0.0984236  0.0281227  -0.192195  
-0.0014709  -0.00332941  0.00130288  0.0965483  -0.00447934  -0.165789  
-0.00174983  -0.00330648  0.00118722  0.0972839  0.0629244  -0.165895  
-0.00142614  -0.00322308  0.00132817  0.0904281  -0.0430786  -0.168866  
-0.00187777  -0.0030308  0.00131612  0.0938509  0.0761791  -0.168938  
-0.000993809  -0.00297308  0.00146177  0.0886936  -0.029499  -0.179262  
-0.00156902  -0.00322308  0.00128087  0.0910385  0.0660479  -0.164823  
-0.00157498  -0.00297308  0.00142809  0.0866109  -0.0255449  -0.181874  
-0.00152957  -0.00297308  0.00125597  0.0862556  0.0573151  -0.15075  
-0.00175393  -0.00292041  0.00109651  0.0844173  0.0273109  -0.16772  
-0.00175393  -0.00297308  0.00121829  0.0849599  0.0222653  -0.154692  
-0.00182499  -0.00297308  0.00113136  0.091073  0.0579218  -0.182915  
-0.00114649  -0.00283968  0.00113151  0.08466  -0.00657448  -0.18199  
-0.00192648  -0.00322308  0.00127082  0.0941658  0.0729947  -0.167703  
-0.0011057  -0.00297308  0.00130352  0.0908168  -0.012543  -0.200118  
-0.00131733  -0.00297308  0.00127516  0.0940056  0.0683158  -0.164613  
-0.000973486  -0.00333354  0.0010848  0.101897  0.0069368  -0.192892  
-0.00131588  -0.00337934  0.00109  0.101292  0.0543059  -0.175807  
-0.00104434  -0.00338864  0.00101619  0.101257  0.0285424  -0.196202  
-0.00118735  -0.00339418  0.00104255  0.1039  0.0285692  -0.192642  
-0.00152841  -0.00338146  0.000959208  0.106222  0.046269  -0.201183  
-0.000985806  -0.00323658  0.000987368  0.100369  0.0146699  -0.189338  
-0.001078  -0.00325963  0.000955271  0.10461  0.0581341  -0.170672  
-0.000593585  -0.00317432  0.00105939  0.10083  0.00186193  -0.17841  
-0.001263  -0.00328715  0.00108987  0.101209  0.066706  -0.167349  
-0.000243451  -0.00322308  0.00130964  0.0951718  -0.0113502  -0.18032  
-0.00138477  -0.00322308  0.00122434  0.0994788  0.0757936  -0.156837  
-0.000148338  -0.00297308  0.00105533  0.0930057  -0.0066484  -0.169844  
-0.000963591  -0.00297308  0.00126949  0.0953877  0.0704248  -0.130108  
-0.000534283  -0.00297309  0.00106812  0.0950762  0.0111661  -0.152007  
-0.00112681  -0.00322308  0.0011227  0.0962688  0.0475925  -0.137103  
-0.000675664  -0.0029968  0.00101181  0.09759  0.0213854  -0.170007  
-0.00116688  -0.00293288  0.0012341  0.091357  0.0500328  -0.142246  
-0.000876815  -0.00289873  0.00106496  0.0937282  0.0472438  -0.166373  
-0.000876815  -0.00291993  0.00102755  0.0907039  0.0318352  -0.160981  
-0.000548624  -0.00262519  0.000972762  0.0883508  0.0293794  -0.188367  
-0.000813296  -0.00261863  0.000984954  0.0861517  0.029109  -0.167181  
-0.00129018  -0.00285562  0.000956745  0.0871429  0.0505536  -0.184412  
-0.000910563  -0.00292677  0.00114213  0.0853871  0.00375453  -0.166906  
-0.00135272  -0.00283491  0.00104541  0.0876084  0.0558382  -0.178935  
-0.000283771  -0.0025129  0.00101853  0.0798501  -0.0151583  -0.181771  
-0.00131721  -0.0026485  0.000884887  0.0850792  0.0671368  -0.186452  
-0.000390922  -0.00225408  0.000845115  0.0761058  -0.00407654  -0.195332  
-0.00103519  -0.00216479  0.00105206  0.0687311  0.0721755  -0.166868  
-5.13035e-05  -0.00208256  0.000803262  0.068695  -0.0146403  -0.185329  
-0.00105234  -0.00220958  0.00100983  0.0726337  0.0747284  -0.161342  
0.000284836  -0.00197405  0.000846497  0.0698211  -0.0221911  -0.190482  
-0.000736805  -0.00197012  0.00102483  0.0708581  0.0817908  -0.174812  
0.00034864  -0.00167449  0.00079513  0.0582149  -0.0180738  -0.18831  
-0.000807473  -0.00167449  0.00101219  0.0630442  0.0726406  -0.160951  
-7.27192e-05  -0.00167449  0.000761469  0.0581474  -0.00492861  -0.171035  
-0.000619613  -0.00159665  0.000813946  0.0514172  0.0810494  -0.156173  
-9.58602e-05  -0.00167449  0.000701437  0.0549784  -0.00574632  -0.171972  
-0.000814433  -0.00172988  0.00088143  0.0586231  0.0760551  -0.153051  
-0.000223867  -0.00167449  0.000484856  0.0513914  0.0138489  -0.179673  
-0.000518771  -0.00160599  0.000898128  0.0514124  0.0551408  -0.147499  
-0.000483545  -0.00174199  0.000810434  0.0574242  0.0307629  -0.141594  
-0.000585292  -0.00180162  0.000679188  0.0609501  0.0305929  -0.13165  
-0.000786907  -0.00196932  0.000854321  0.0600463  0.0432961  -0.15296  
-0.00040559  -0.00154681  0.00071218  0.0514063  0.0176089  -0.155087  
-0.00108953  -0.00160692  0.00072591  0.0514042  0.0608063  -0.155831  
-0.000360983  -0.00139866  0.000701749  0.0537378  0.0061403  -0.150948  
-0.00143947  -0.00154511  0.000918336  0.0527514  0.0842126  -0.143052  
-0.000476281  -0.00132624  0.000732693  0.0503411  0.00455883  -0.147573  
-0.00144058  -0.00129667  0.000917161  0.053461  0.087361  -0.139397  
-0.000575171  -0.00147194  0.000704414  0.0515732  0.00561  -0.15947  
-0.00103642  -0.00136383  0.000781503  0.0528292  0.0959297  -0.128132  
9.26093e-05  -0.00135983  0.000752201  0.0435742  -0.0072544  -0.157792  
-0.00103642  -0.00147194  0.000981444  0.0521162  0.0774263  -0.127694  
-0.000540162  -0.0013461  0.000765973  0.0511584  0.0196185  -0.160505  
-0.000452115  -0.00147194  0.000788677  0.05125  0.0316574  -0.138425  
-0.000615966  -0.00172004  0.000875715  0.0558391  0.0492367  -0.144363  
-0.000262202  -0.00185835  0.000790548  0.0536227  0.0228693  -0.132556  
-9.54834e-05  -0.00167717  0.000752094  0.0543869  0.0911479  -0.138452  
0.000343105  -0.00161686  0.000677695  0.0472939  -0.013986  -0.148476  
-0.000776465  -0.00147194  0.000898846  0.0522166  0.0880708  -0.111343  
-0.000205379  -0.00172194  0.000810854  0.0509073  0.0038234  -0.13751  
-0.000650735  -0.00147194  0.00101538  0.0488523  0.0593037  -0.126825  
-0.000358004  -0.00116664  0.000974198  0.0420122  0.0304339  -0.126799  
-0.000226076  -0.00114725  0.000829533  0.0349164  0.0112547  -0.137416  
-0.000533517  -0.000844095  0.000939037  0.042156  0.0915033  -0.1392  
-5.51592e-05  -0.00102554  0.000757078  0.0349303  0.00570029  -0.134486  
-0.000933411  -0.001143  0.000835553  0.0457799  0.0762613  -0.1173  
-0.000317351  -0.000844095  0.000868691  0.0349506  -0.0153171  -0.150945  
-0.00104041  -0.00127415  0.000884252  0.0349331  0.070131  -0.120332  
0.000102099  -0.000844095  0.000964156  0.0395451  0.0240519  -0.147018  
-0.000368052  -0.00119948  0.000882072  0.0407934  0.0265212  -0.129361  
-0.000634002  -0.000844095  0.000684002  0.0349776  0.0648352  -0.139912  
-0.000283637  -0.000844095  0.00063947  0.0321412  0.0021991  -0.129407  
-0.000960163  -0.000970496  0.000928133  0.0349717  0.0825968  -0.109006  
-0.00032601  -0.000965417  0.000580128  0.0387276  -0.017169  -0.139682  
-0.000414768  -0.000902148  0.000597422  0.0349663  0.0776039  -0.109466  
-0.000362251  -0.000844095  0.000535384  0.0349678  0.0234863  -0.138767  
-0.00062229  -0.0012036  0.000715552  0.0349326  0.0475221  -0.118276  
-0.000627585  -0.00097365  0.000555319  0.0408683  0.0317908  -0.12337  
-0.000211479  -0.000928748  0.000484856  0.0349554  0.0163006  -0.116409  
-0.000636659  -0.000833202  0.000849746  0.0349928  0.0752529  -0.127229  
-5.30403e-05  -0.000935915  0.000574705  0.0325965  0.00100489  -0.11996  
-0.000751505  -0.0010735  0.000600806  0.0349591  0.091086  -0.0953149  
0.000244685  -0.00118592  0.000473289  0.0348957  -0.0203167  -0.111386  
-0.000268926  -0.000935915  0.00064708  0.0378013  0.0541525  -0.0901001  
-0.000649929  -0.000836569  0.000586184  0.0349443  0.0323166  -0.103971  
0.000238159  -0.00118592  0.000530672  0.0348985  -0.00112208  -0.0938765  
-0.000840135  -0.000935915  0.000614557  0.0377296  0.0734575  -0.0726068  
-3.56989e-05  -0.000927117  0.000424931  0.034911  -0.0212808  -0.107919  
-0.000573804  -0.00118816  0.000524776  0.0349303  0.0720739  -0.0751206  
-0.000318528  -0.000712884  0.000566787  0.0349461  0.0149336  -0.118188  
-0.000251775  -0.000930953  0.0005056  0.0276567  0.0314711  -0.105813  
-0.000531711  -0.000660364  0.00054808  0.027418  0.0750135  -0.100802  
-0.000290338  -0.000703125  0.000496424  0.0251361  0.00433614  -0.0955761  
-0.000940616  -0.000786383  0.000471327  0.030266  0.0808872  -0.073432  
-0.000213762  -0.000786383  0.000381885  0.0251777  -0.00614511  -0.0778597  
-0.00127489  -0.000786383  0.000301159  0.0306297  0.0846581  -0.0661268  
-0.000806636  -0.000786383  0.00022446  0.0310383  0.0229029  -0.0961629  
-0.0011525  -0.000786383  0.000280243  0.0243269  0.0288098  -0.0568494  
-0.0011797  -0.000679229  0.00030104  0.0240162  0.0586028  -0.0722889  
-0.00060223  -0.000488337  0.000348912  0.0206639  0.0129425  -0.0830844  
-0.0011797  -0.000305083  0.000352228  0.0236697  0.072236  -0.0681111  
0.00020513  -0.000171499  0  0.0174261  -0.0371489  -0.0890301  
-0.00109709  -0.000564923  0.000162008  0.0150735  0.108574  -0.0696899  
0.000434847  -0.000262818  0.000148224  0.0174193  -0.0174185  -0.0932252  
-0.000950232  -0.000763645  0.000120316  0.0173898  0.0647037  -0.0550629  
-0.00127582  -0.000992008  0.000373929  0.0217589  0.0623861  -0.0433674  
-0.00119969  -0.00107209  0.00020347  0.0174099  0.04126  0.0147945  
-0.00109555  -0.000564923  0.00021715  0.0174122  0.101637  -0.00249046  
-0.00066116  -0.000945931  0.000281789  0.0152002  -0.00847917  -0.00253718  
-0.0011517  -0.000646573  0.000192012  0.0167096  0.0942606  -0.0136212  
-0.000969208  -0.000986318  0.000292527  0.00789296  0.00791842  -0.0216786  
-0.000855495  -0.000814923  0  0.0154722  0.121548  -0.0011898  
-0.000443681  -0.00059334  0.000116767  0.00452555  0.0151249  -0.0270734  
-0.000562497  -0.000203836  0  0.00375872  0.120908  0.0036939  
-0.000256811  -7.08549e-05  0  -1.61849e-05  -0.0191163  -0.04861  
-0.000596966  -0.00026858  2.64698e-23  -1.85309e-05  0.133842  -0.0131988  
0.000118336  -0.000391611  -0.000380354  -2.13829e-05  -0.0176007  -0.062559  
1.93127e-05  -7.08549e-05  0  -1.61854e-05  0.13632  -0.0402798  
0.000380927  -0.000191453  -0.000426926  0.00731399  -0.0151863  -0.074381  
-0.000529333  -7.08548e-05  0  -1.61854e-05  0.134364  -0.0264087  
0.000381125  -0.000156519  -0.000339567  0.00758798  0.0104734  -0.0477424  
-0.00036722  -0.000385175  0  0.00340919  0.109503  -0.00525925  
-0.000302384  -0.000335082  0  0.010812  0.0507364  -0.0345015  
-0.000651882  -0.000481368  0  0.00608803  0.081319  -0.0114866  
-0.000624863  -0.000305345  2.64698e-23  0.00332564  0.111753  -0.0114775  
-0.00163554  0.000165656  0.000141504  0.0100373  0.0387148  0.000241117  
-0.00110026  0.000190462  0  0.00511827  0.125535  0.00314963  
0  -0  0  0  0  0  
-0.000561978  -0  0  0  0.135525  0.0276334  
-0.000838804  0.000337193  -0.000145743  0.016777  0.0140089  0.00758367  
-0.000838804  -0.000137159  0  2.96502e-06  0.101119  0.0202034  
-0.000838804  0.000574175  0  0.00529925  0.0510449  -0.0151135  
-0.000838804  0.000183792  -0.000143985  -0.0022872  0.055452  0.00435507  
-0.000838804  0.00022287  0  -0.00270644  0.117051  -0.00234564  
-0.000444653  0.00082285  -9.52559e-05  -3.62178e-06  0.0211611  -0.00420189  
-0.000808642  0.000450241  0  -1.75716e-05  0.152538  0.0206575  
0.000183307  0.00105067  0  -0.00429278  -0.00203766  0.00483217  
-0.000782942  0.000547642  9.80749e-05  -0.00704387  0.1288  0.0331649  
-0.000782942  0.000912816  0  -0.00800062  0.0619774  0.0021425  
-0.000782942  0.000783447  5.18599e-05  -0.00750598  0.0813427  0.0188768  
-0.0013757  0.000438854  6.61697e-05  0.00112085  0.120611  0.0227671  
-0.00025026  0.000565429  0  -0.0209389  0.0145464  0.0226609  
-0.00115138  0.000480146  0  -0.00258861  0.144  0.0533719  
-0.000945085  0.00120328  0  -0.0164019  0.0243529  0.032144  
-0.000645623  0.00059693  0.00023494  -0.0166525  0.100169  0.0465145  
-0.000430324  0.00043856  6.94631e-05  -0.00397314  0.0577832  0.0331802  
-6.68298e-05  0.00084693  0  -0.00398911  0.061269  0.0350952  
-0.000342951  0.00084693  0  -0.00399284  0.108263  0.0249944  
4.3003e-05  0.00113741  0  -0.0166072  0.0409037  0.0412395  
-0.000647087  0.000574242  5.58976e-05  -0.00674115  0.152806  0.0556215  
0.00063907  0.000924563  0  -0.023966  -0.00570332  0.0465059  
-0.000525449  0.000327801  6.03231e-05  -0.00396138  0.141368  0.0783077  
0.000985051  0.000924563  8.40649e-05  -0.0184897  -0.0124811  0.0522389  
8.97785e-05  0.000674563  8.40649e-05  -0.0128468  0.132339  0.0594079  
0.000556072  0.00110027  8.40649e-05  -0.0146294  0.0333033  0.0368127  
0.000233948  0.000674563  8.40649e-05  -0.00971671  0.13017  0.0617984  
3.03662e-05  0.000419491  8.40649e-05  -0.0129476  0.0773455  0.0712361  
-0.000141098  0.000674563  8.40649e-05  -0.0130492  0.0869664  0.0846074  
0.000108902  0.000674563  0.000134154  -0.00960091  0.115419  0.0641093  
0.000809007  0.00103915  0.00018653  -0.0137126  0.0234084  0.0664489  
-5.56468e-05  0.000413612  8.40649e-05  -0.00273982  0.14883  0.0916438  
0.000988923  0.000674563  8.40649e-05  -0.00992547  0.00478261  0.0859342  
-0.00104152  0.000674563  0.000417552  -0.0142515  0.103106  0.121327  
0.000448834  0.000674563  0.0001407  -0.0167546  0.0202204  0.076614  
-6.46844e-06  0.000674563  8.40649e-05  -0.00992547  0.0641677  0.109754  
0.00013075  0.000674563  8.40649e-05  -0.00992547  0.0722313  0.0912533  
0.000458015  0.000674563  8.40649e-05  -0.00992547  0.0292333  0.115361  
-3.33136e-05  0.000674563  -0.000120536  -0.00995326  0.109096  0.115456  
0.000751543  0.000936681  -0.000377176  -0.0260814  0.0048886  0.10298  
-0.000223867  0.000674563  -7.16319e-05  -0.0138799  0.129243  0.106413  
0.00089478  0.00137119  -0.000176216  -0.0297285  -0.000109384  0.0776649  
-0.000194466  0.000674563  8.4065e-05  -0.0145824  0.124261  0.111884  
0.000682488  0.00100134  -0.000157752  -0.0183574  -0.00389534  0.0964518  
-0.000125879  0.000801342  -0.000197499  -0.0183651  0.0830775  0.117434  
0.000355705  0.00131589  -4.89722e-05  -0.0184077  0.0896723  0.0964304  
0.00044472  0.00115279  -0.000119788  -0.0263816  0.0426947  0.113433  
0.000549596  0.000904044  -0.000275517  -0.0184124  0.10442  0.117189  
0.00109321  0.00118315  -0.000375347  -0.0322303  -0.0119795  0.131237  
0.000723125  0.00111138  -0.000300508  -0.0247896  0.135171  0.138734  
0.00147162  0.00124257  -0.000300509  -0.039849  -0.0206013  0.125536  
0.000803739  0.00110468  -0.000397827  -0.0273706  0.122561  0.122231  
0.00114233  0.00133303  -0.000518586  -0.0360665  -0.0208324  0.0822668  
0.00105116  0.00121883  -0.000720857  -0.0370141  0.0993478  0.0938266  
0.00164782  0.00156733  -0.000528763  -0.0406208  0.0324963  0.0853501  
0.00160035  0.00141094  -0.00064509  -0.0367323  0.0852953  0.113634  
0.00147881  0.00134125  -0.000679049  -0.0367245  0.0767734  0.103974  
0.00163204  0.00105525  -0.000593219  -0.0461011  0.0364569  0.128254  
0.00128932  0.00134069  -0.000406261  -0.026704  0.0919177  0.130928  
0.00190192  0.00127087  -0.000621906  -0.0367037  0.00739833  0.145972  
0.00121897  0.00105525  -0.000495812  -0.0243104  0.129402  0.151037  
0.00155494  0.0014886  -0.000653165  -0.0481902  -0.0159475  0.148469  
0.000831037  0.00126905  -0.000600307  -0.0361296  0.123006  0.167315  
0.00196205  0.0015889  -0.000585501  -0.0501292  -0.0086424  0.132629  
0.00137246  0.00152218  -0.000737157  -0.0378347  0.110543  0.164763  
0.00188088  0.001809  -0.000659402  -0.0544487  -0.0080585  0.133338  
0.00154341  0.00187903  -0.000843295  -0.046677  0.0788433  0.156632  
0.00196205  0.0017325  -0.000659385  -0.0529134  0.0193243  0.142587  
0.00196205  0.0017296  -0.000701755  -0.0543945  0.0468415  0.140025  
0.00199576  0.00173885  -0.000751361  -0.0460976  0.0494475  0.126701  
0.0019515  0.0017618  -0.000833128  -0.0527063  0.0424676  0.142799  
0.00195252  0.00176781  -0.000809794  -0.0451553  0.0672897  0.126731  
0.00241362  0.00206842  -0.000647986  -0.0566828  0.00796688  0.126698  
0.00173401  0.00197139  -0.000670828  -0.0464654  0.125695  0.120813  
0.00228441  0.0019022  -0.000614343  -0.0623526  0.000369002  0.110527  
0.00184035  0.00181775  -0.00069941  -0.0451957  0.120866  0.138229  
0.00269124  0.00172844  -0.000644358  -0.0566865  -0.0102794  0.111304  
0.0020392  0.00177023  -0.000791844  -0.0455751  0.11967  0.131389  
0.00228338  0.00195386  -0.00074722  -0.0559864  0.0109776  0.117589  
0.00206964  0.00203278  -0.000785381  -0.0486391  0.0876299  0.117572  
0.00239961  0.00185929  -0.000815689  -0.0537797  0.0308886  0.110657  
0.0025062  0.00187473  -0.000716414  -0.0536337  0.0623134  0.12683  
0.0025062  0.00172581  -0.000831897  -0.0555693  0.0591995  0.115324  
0.00255633  0.00176674  -0.000647753  -0.0575872  0.021521  0.132366  
0.00205022  0.00173808  -0.000663599  -0.041629  0.117905  0.137549  
0.00244283  0.0019372  -0.000616595  -0.0576033  -0.00322734  0.13038  
0.00148041  0.00226408  -0.000787765  -0.0573846  0.135061  0.14665  
0.00177634  0.00219025  -0.000360358  -0.0647123  -0.00466533  0.140797  
0.000713265  0.00162238  -0.00030051  -0.0423525  0.108234  0.165917  
0.00159835  0.00162238  -0.00030051  -0.0514521  -0.00621916  0.128836  
0.00164726  0.00162238  -0.00030051  -0.0518928  0.0675057  0.137274  
0.0015225  0.00194954  -0.000680359  -0.0490313  0.0322693  0.128818  
0.00184708  0.00155865  -0.000585234  -0.0549345  0.0197519  0.144131  
0.00180115  0.00183976  -0.000736167  -0.0456203  0.101352  0.138164  
0.00193934  0.00204723  -0.000725146  -0.0723755  -0.0186321  0.136182  
0.00152499  0.00205133  -0.000413304  -0.0535037  0.11382  0.157561  
0.00220764  0.00188201  -0.00030051  -0.0671367  -0.025251  0.121195  
0.00214339  0.00189679  -0.000649635  -0.0505605  0.111627  0.156125  
0.00243802  0.0018231  -0.000384832  -0.062767  -0.0103205  0.123502  
0.00227851  0.00181714  -0.000739553  -0.0505508  0.092507  0.155469  
0.00252989  0.00166741  -0.000605242  -0.0589708  0.00795109  0.131862  
0.0024617  0.00166741  -0.000698461  -0.0505157  0.0739398  0.163173  
0.00264008  0.00201088  -0.000635237  -0.0584351  0.043723  0.1527  
0.00251913  0.00210668  -0.000802101  -0.0658646  0.0301257  0.16448  
0.00307875  0.00186752  -0.000745304  -0.0585815  0.0782722  0.127208  
0.00193838  0.00203752  -0.000575174  -0.0626769  0.0283523  0.170149  
0.00221735  0.00191742  -0.000651983  -0.0545916  0.0783723  0.152012  
0.00252908  0.00192776  -0.00030051  -0.0667803  -0.00736497  0.15855  
0.00241607  0.0024893  -0.000555989  -0.0716389  0.0282817  0.208414  
0.00145615  0.00289894  -0.000408489  -0.0794457  -0.0236731  0.228793  
0.00202654  0.00257018  -0.00030051  -0.0529876  0.0777118  0.239627  
0.00368866  0.00204735  -0.000118654  -0.058962  -0.0112489  0.138258  
0.00412228  0.00185324  -0.00030051  -0.0589306  0.0316881  0.166776  
0.00374919  0.00204735  -0.00030051  -0.058964  0.0758733  0.157868  
0.00407997  0.00196697  -0.00030051  -0.0661224  0.00169672  0.173802  
0.00355812  0.002175  -0.000550511  -0.056081  0.0985606  0.179  
0.00367055  0.00221586  -0.000152323  -0.0665022  -0.0236425  0.170842  
0.00337841  0.00190699  -0.000550511  -0.0550187  0.0929136  0.176896  
0.00347913  0.00189184  -0.000300511  -0.0589266  -0.0255798  0.150017  
0.00307474  0.00182438  -0.00080847  -0.0566215  0.105704  0.159599  
0.00290117  0.00195791  -0.000557026  -0.058944  -0.0227941  0.166593  
0.00278595  0.00202176  -0.000550511  -0.0516417  0.0496133  0.184384  
0.00289084  0.00234176  -0.000467007  -0.0563195  -0.0139681  0.150816  
0.002277  0.00277844  -0.000588718  -0.0714891  0.0155283  0.196458  
0.00200543  0.00254972  -0.00016508  -0.0596444  0.0379326  0.194115  
0.00236303  0.00227046  -0.000347672  -0.0713931  -0.043249  0.19412  
0.0027387  0.00227046  -0.000414969  -0.0569518  0.0767824  0.206309  
0.00279116  0.00251255  -0.000390952  -0.0674374  -0.0445801  0.1941  
0.00250283  0.00241498  -0.00023713  -0.0606352  0.0788623  0.213508  
0.00283298  0.00223451  -0.000402026  -0.0707285  -0.0374184  0.185929  
0.00275029  0.00228075  -0.000509832  -0.061535  0.0534795  0.225302  
0.00280504  0.00246862  -0.000493428  -0.0635819  0.0155175  0.198255  
0.00289957  0.002518  -0.000444032  -0.0762751  0.0106056  0.211957  
0.00318558  0.00251507  -0.000921982  -0.0658223  0.0799152  0.178478  
0.00312586  0.00244099  -0.000654753  -0.0722742  -0.0045041  0.189749  
0.00226771  0.0024314  -0.000727746  -0.0637957  0.122073  0.198304  
0.00307554  0.00231585  -0.000477746  -0.0736449  -0.0369623  0.190776  
0.00255453  0.00239772  -0.000675152  -0.0729069  0.078066  0.220633  
0.00292956  0.00259012  -0.000727746  -0.0822962  0.0044428  0.198876  
0.00302581  0.00251685  -0.000783374  -0.0713717  0.0374145  0.226421  
0.00279471  0.00257806  -0.000727746  -0.0733646  0.0334533  0.216533  
0.00288142  0.00257886  -0.000727746  -0.0828908  -0.0148914  0.22699  
0.00252392  0.00267032  -0.00097886  -0.0668137  0.0624963  0.187993  
0.00400945  0.00250043  -0.000752097  -0.0710207  -0.0303514  0.129947  
0.00302826  0.00230619  -0.00114688  -0.0667546  0.0693604  0.103096  
0.00323863  0.00217248  -0.000680265  -0.0685155  -0.0296455  0.0951874  
0.00244949  0.00224988  -0.000928445  -0.0608941  0.091782  0.10433  
0.00310288  0.00222623  -0.000435563  -0.0710102  -0.0444147  0.103746  
0.00276589  0.00240884  -0.000881482  -0.0642184  0.087089  0.117739  
0.00349385  0.00217886  -0.000619456  -0.0708184  -0.0374578  0.120479  
0.00339958  0.00195756  -0.000895514  -0.0659412  0.08522  0.157804  
0.00362854  0.00210107  -0.000681864  -0.0696861  -0.0233073  0.151582  
0.00406252  0.00214223  -0.000687928  -0.0684589  0.0756969  0.180468  
0.00429032  0.00244847  -0.000648027  -0.0688139  -0.0207039  0.161791  
0.00407458  0.0025113  -0.000677783  -0.071175  0.0427535  0.190407  
0.00393342  0.00223597  -0.000952055  -0.068782  0.0605607  0.165352  
0.00477006  0.002175  -0.000659244  -0.0687792  0.0115416  0.173068  
0.00385627  0.002175  -0.001061  -0.066646  0.0745153  0.17139  
0.00444812  0.001925  -0.000961538  -0.068529  0.011374  0.206107  
0.00360305  0.002175  -0.00118386  -0.0574979  0.117199  0.225595  
0.00460189  0.00196526  -0.00101225  -0.0711267  -0.00302027  0.221695  
0.00655573  0.00208829  -0.000975824  -0.0611523  0.152319  0.217113  
0.00460022  0.00207849  -0.000743014  -0.0691302  0.0156367  0.226279  
0.00505012  0.00187858  -0.00102061  -0.0588942  0.127749  0.260627  
0.00570594  0.00192491  -0.000796341  -0.0588446  0.0122975  0.259653  
0.00539211  0.002119  -0.00105176  -0.0489996  0.166583  0.308831  
0.00536324  0.00240626  -0.000761704  -0.0671128  0.00739314  0.300331  
0.0055987  0.00249268  -0.00103736  -0.0585498  0.154075  0.326007  
0.00534737  0.00240978  -0.000715087  -0.0703986  0.0493671  0.31413  
0.00636242  0.0023144  -0.000809602  -0.0658372  0.137731  0.335318  
0.00593581  0.00225997  -0.00110012  -0.0628736  0.111947  0.334516  
0.00600584  0.00247324  -0.000950294  -0.0693064  0.0999191  0.361367  
0.00654416  0.0020881  -0.00128647  -0.0643035  0.14476  0.352123  
0.00666324  0.0023771  -0.00110699  -0.0687601  0.0647021  0.36884  
0.00606441  0.00281089  -0.00134042  -0.0674307  0.173507  0.361178  
0.00637012  0.00287721  -0.000891929  -0.0808131  0.0389138  0.352551  
0.00745953  0.00256388  -0.0012719  -0.0691032  0.19377  0.36287  
0.00668375  0.00255804  -0.000831749  -0.0773563  0.0378618  0.352558  
0.00637683  0.00266475  -0.00101991  -0.0675282  0.170255  0.378806  
0.00700421  0.00217545  -0.00113708  -0.0672501  0.0492995  0.365235  
0.00691454  0.0023635  -0.00115704  -0.0627456  0.178173  0.409414  
0.00714071  0.00242545  -0.00130982  -0.0673518  0.055076  0.390175  
0.00752979  0.00290858  -0.00117793  -0.0719449  0.152752  0.402547  
0.00719494  0.00281195  -0.00112353  -0.0741576  0.120581  0.378711  
0.00762217  0.00281195  -0.00119384  -0.0776157  0.0974716  0.418566  
0.00773672  0.00281195  -0.00115185  -0.0683876  0.170642  0.393311  
0.0076264  0.00287458  -0.00115259  -0.0815668  0.0821807  0.421199  
0.00713274  0.00300464  -0.00116532  -0.0714945  0.184305  0.426443  
0.00822376  0.00266332  -0.00105257  -0.0704963  0.0585226  0.405392  
0.00873474  0.00297592  -0.00117534  -0.0752597  0.210577  0.46819  
0.00840809  0.00292243  -0.00108247  -0.0784677  0.0832013  0.43126  
0.00857845  0.00323773  -0.00120683  -0.0754568  0.178343  0.476211  
0.00803129  0.00256789  -0.00117082  -0.0659878  0.194832  0.425737  
0.00825161  0.00266389  -0.000957835  -0.0717982  0.0433854  0.416666  
0.00802681  0.00238314  -0.0010259  -0.0647803  0.200835  0.423497  
0.00888147  0.00275539  -0.000813149  -0.0753972  0.0813104  0.408092  
0.00780962  0.00272592  -0.00108613  -0.0562739  0.216102  0.431125  
0.0072423  0.00249883  -0.000617436  -0.0711157  0.0420479  0.408342  
0.00729687  0.00258464  -0.000978471  -0.0536329  0.193293  0.452982  
0.00704639  0.00299712  -0.000514929  -0.0717018  0.0586827  0.431537  
